Shape of the dataset: (400, 50)
Bernoulli Mixture Model  ####################
Estimated Log-Likelihood:  -6634.358121844662
Weights:  [0.0025     0.2510236  0.72882715 0.01764925]
Means:  [[0.00000000e+000 8.96328288e-002 8.91844443e-002 1.72487084e-089]
 [0.00000000e+000 5.97733303e-002 1.06329029e-001 1.16863902e-120]
 [0.00000000e+000 1.09551451e-001 1.09765395e-001 1.56480887e-078]
 [0.00000000e+000 4.97961930e-002 9.94748620e-002 6.78152265e-058]
 [0.00000000e+000 1.19511650e-001 8.58750741e-002 1.36644334e-001]
 [0.00000000e+000 9.95921875e-002 1.16855469e-001 2.73811782e-001]
 [1.00000000e+000 1.13756097e-001 1.08727989e-001 1.24686608e-001]
 [0.00000000e+000 1.19510801e-001 7.20334966e-002 0.00000000e+000]
 [0.00000000e+000 9.95497172e-002 8.91990252e-002 7.46276486e-087]
 [1.00000000e+000 7.96739572e-002 1.30004851e-001 2.97400276e-001]
 [0.00000000e+000 1.59176656e-001 9.24123581e-002 2.94078650e-001]
 [0.00000000e+000 1.29469869e-001 1.26784322e-001 2.88746074e-001]
 [1.00000000e+000 1.23633720e-001 9.07369834e-001 1.00000000e+000]
 [0.00000000e+000 8.50654141e-001 8.79929467e-001 1.00000000e+000]
 [1.00000000e+000 9.20326297e-001 8.93687479e-001 8.57412139e-001]
 [1.00000000e+000 9.40389848e-001 9.17411279e-001 5.83917514e-001]
 [1.00000000e+000 9.10368577e-001 8.82467308e-001 6.12483158e-001]
 [1.00000000e+000 9.06119377e-001 8.98010142e-001 1.72725605e-001]
 [1.00000000e+000 9.30285208e-001 9.07385528e-001 1.00000000e+000]
 [1.00000000e+000 2.98779142e-002 9.60446361e-002 8.11118137e-137]
 [1.00000000e+000 1.09508992e-001 8.02459718e-002 5.11365469e-001]
 [0.00000000e+000 7.96744448e-002 1.37206516e-001 2.84148932e-076]
 [1.00000000e+000 7.39378376e-002 8.86754300e-001 1.00000000e+000]
 [0.00000000e+000 8.86309472e-001 7.20546757e-002 0.00000000e+000]
 [1.00000000e+000 8.40652554e-001 8.62793215e-001 1.00000000e+000]
 [0.00000000e+000 9.00406767e-001 9.80707844e-002 3.40822931e-033]
 [1.00000000e+000 5.97138477e-002 9.12234357e-001 1.00000000e+000]
 [0.00000000e+000 9.95499145e-002 7.20481143e-002 0.00000000e+000]
 [0.00000000e+000 8.96330189e-002 1.09765390e-001 8.77790648e-042]
 [0.00000000e+000 1.23758006e-001 9.80194793e-002 1.41340964e-001]
 [0.00000000e+000 4.97961321e-002 9.27911872e-002 1.34354679e-001]
 [0.00000000e+000 1.03839288e-001 1.39174134e-001 0.00000000e+000]
 [1.00000000e+000 7.96765301e-002 8.94770561e-001 5.87346965e-001]
 [1.00000000e+000 8.60552960e-001 9.04380972e-001 6.99377676e-001]
 [0.00000000e+000 9.50223101e-001 8.73380045e-001 7.04193466e-001]
 [0.00000000e+000 9.20451400e-001 9.11669855e-002 1.31689979e-062]
 [1.00000000e+000 6.96923291e-002 8.77926038e-001 1.00000000e+000]
 [1.00000000e+000 1.63426173e-001 9.07385140e-001 1.00000000e+000]
 [1.00000000e+000 1.03840654e-001 9.04238766e-001 7.02567146e-001]
 [1.00000000e+000 1.19510579e-001 1.14007940e-001 2.49752425e-001]
 [0.00000000e+000 7.96544645e-002 8.20856368e-002 1.51769003e-001]
 [0.00000000e+000 7.96738828e-002 1.02906146e-001 2.83251856e-001]
 [0.00000000e+000 1.19510701e-001 5.84453616e-002 1.36177316e-001]
 [0.00000000e+000 1.09551531e-001 1.20055873e-001 3.91254590e-082]
 [0.00000000e+000 7.96737966e-002 8.91181079e-002 2.86034859e-001]
 [1.00000000e+000 1.19383878e-001 1.16459858e-001 1.50302296e-001]
 [0.00000000e+000 8.96329407e-002 1.02600621e-001 1.54221785e-001]
 [0.00000000e+000 7.96751656e-002 7.87242611e-002 4.31931967e-001]
 [0.00000000e+000 9.95496837e-002 7.51739028e-002 1.54221785e-001]
 [0.00000000e+000 6.97149266e-002 1.02904931e-001 9.21283684e-127]]
Cluster assignment Probability:  [[0.00000000e+00 1.00000000e+00 4.30358795e-10 0.00000000e+00]
 [0.00000000e+00 1.00000000e+00 2.97855503e-10 0.00000000e+00]
 [0.00000000e+00 9.99999972e-01 2.83672266e-08 0.00000000e+00]
 ...
 [0.00000000e+00 1.79366726e-09 9.99999998e-01 0.00000000e+00]
 [0.00000000e+00 2.83723059e-12 1.00000000e+00 0.00000000e+00]
 [0.00000000e+00 1.08225407e-09 9.99999999e-01 0.00000000e+00]]
Mean vector shape:  (50,)
Covariance matrix shape:  (50, 50)
Covariance matrix determinant:  2.7543550134960894e-53
Estimated Log-Likelihood:  -17866.162999504428
Weights:  [0.25 0.25 0.25 0.25]
Means:  [[0.0875 0.0875 0.0875 0.0875]
 [0.0925 0.0925 0.0925 0.0925]
 [0.1075 0.1075 0.1075 0.1075]
 [0.085  0.085  0.085  0.085 ]
 [0.095  0.095  0.095  0.095 ]
 [0.115  0.115  0.115  0.115 ]
 [0.1125 0.1125 0.1125 0.1125]
 [0.0825 0.0825 0.0825 0.0825]
 [0.09   0.09   0.09   0.09  ]
 [0.1225 0.1225 0.1225 0.1225]
 [0.1125 0.1125 0.1125 0.1125]
 [0.13   0.13   0.13   0.13  ]
 [0.7125 0.7125 0.7125 0.7125]
 [0.8725 0.8725 0.8725 0.8725]
 [0.9    0.9    0.9    0.9   ]
 [0.9175 0.9175 0.9175 0.9175]
 [0.885  0.885  0.885  0.885 ]
 [0.8875 0.8875 0.8875 0.8875]
 [0.915  0.915  0.915  0.915 ]
 [0.08   0.08   0.08   0.08  ]
 [0.0975 0.0975 0.0975 0.0975]
 [0.12   0.12   0.12   0.12  ]
 [0.685  0.685  0.685  0.685 ]
 [0.275  0.275  0.275  0.275 ]
 [0.86   0.86   0.86   0.86  ]
 [0.2975 0.2975 0.2975 0.2975]
 [0.7    0.7    0.7    0.7   ]
 [0.0775 0.0775 0.0775 0.0775]
 [0.1025 0.1025 0.1025 0.1025]
 [0.105  0.105  0.105  0.105 ]
 [0.0825 0.0825 0.0825 0.0825]
 [0.1275 0.1275 0.1275 0.1275]
 [0.685  0.685  0.685  0.685 ]
 [0.89   0.89   0.89   0.89  ]
 [0.8875 0.8875 0.8875 0.8875]
 [0.2975 0.2975 0.2975 0.2975]
 [0.6775 0.6775 0.6775 0.6775]
 [0.7225 0.7225 0.7225 0.7225]
 [0.7    0.7    0.7    0.7   ]
 [0.12   0.12   0.12   0.12  ]
 [0.0825 0.0825 0.0825 0.0825]
 [0.1    0.1    0.1    0.1   ]
 [0.075  0.075  0.075  0.075 ]
 [0.115  0.115  0.115  0.115 ]
 [0.09   0.09   0.09   0.09  ]
 [0.12   0.12   0.12   0.12  ]
 [0.1    0.1    0.1    0.1   ]
 [0.085  0.085  0.085  0.085 ]
 [0.0825 0.0825 0.0825 0.0825]
 [0.0925 0.0925 0.0925 0.0925]]
Covariance:  [array([[7.5118750e-99, 7.9323750e-99, 9.2191250e-99, ..., 7.2895000e-99,
        7.0751250e-99, 7.9323750e-99],
       [7.9323750e-99, 8.3943750e-99, 9.7453750e-99, ..., 7.7060000e-99,
        7.4793750e-99, 8.3868750e-99],
       [9.2191250e-99, 9.7453750e-99, 1.1335875e-98, ..., 8.9552500e-99,
        8.6916250e-99, 9.7453750e-99],
       ...,
       [7.2895000e-99, 7.7060000e-99, 8.9552500e-99, ..., 7.0890000e-99,
        6.8732500e-99, 7.7057500e-99],
       [7.0751250e-99, 7.4793750e-99, 8.6916250e-99, ..., 6.8732500e-99,
        6.6783750e-99, 7.4793750e-99],
       [7.9323750e-99, 8.3868750e-99, 9.7453750e-99, ..., 7.7057500e-99,
        7.4793750e-99, 8.3943750e-99]]), array([[7.5118750e-99, 7.9323750e-99, 9.2191250e-99, ..., 7.2895000e-99,
        7.0751250e-99, 7.9323750e-99],
       [7.9323750e-99, 8.3943750e-99, 9.7453750e-99, ..., 7.7060000e-99,
        7.4793750e-99, 8.3868750e-99],
       [9.2191250e-99, 9.7453750e-99, 1.1335875e-98, ..., 8.9552500e-99,
        8.6916250e-99, 9.7453750e-99],
       ...,
       [7.2895000e-99, 7.7060000e-99, 8.9552500e-99, ..., 7.0890000e-99,
        6.8732500e-99, 7.7057500e-99],
       [7.0751250e-99, 7.4793750e-99, 8.6916250e-99, ..., 6.8732500e-99,
        6.6783750e-99, 7.4793750e-99],
       [7.9323750e-99, 8.3868750e-99, 9.7453750e-99, ..., 7.7057500e-99,
        7.4793750e-99, 8.3943750e-99]]), array([[7.5118750e-99, 7.9323750e-99, 9.2191250e-99, ..., 7.2895000e-99,
        7.0751250e-99, 7.9323750e-99],
       [7.9323750e-99, 8.3943750e-99, 9.7453750e-99, ..., 7.7060000e-99,
        7.4793750e-99, 8.3868750e-99],
       [9.2191250e-99, 9.7453750e-99, 1.1335875e-98, ..., 8.9552500e-99,
        8.6916250e-99, 9.7453750e-99],
       ...,
       [7.2895000e-99, 7.7060000e-99, 8.9552500e-99, ..., 7.0890000e-99,
        6.8732500e-99, 7.7057500e-99],
       [7.0751250e-99, 7.4793750e-99, 8.6916250e-99, ..., 6.8732500e-99,
        6.6783750e-99, 7.4793750e-99],
       [7.9323750e-99, 8.3868750e-99, 9.7453750e-99, ..., 7.7057500e-99,
        7.4793750e-99, 8.3943750e-99]]), array([[7.5118750e-99, 7.9323750e-99, 9.2191250e-99, ..., 7.2895000e-99,
        7.0751250e-99, 7.9323750e-99],
       [7.9323750e-99, 8.3943750e-99, 9.7453750e-99, ..., 7.7060000e-99,
        7.4793750e-99, 8.3868750e-99],
       [9.2191250e-99, 9.7453750e-99, 1.1335875e-98, ..., 8.9552500e-99,
        8.6916250e-99, 9.7453750e-99],
       ...,
       [7.2895000e-99, 7.7060000e-99, 8.9552500e-99, ..., 7.0890000e-99,
        6.8732500e-99, 7.7057500e-99],
       [7.0751250e-99, 7.4793750e-99, 8.6916250e-99, ..., 6.8732500e-99,
        6.6783750e-99, 7.4793750e-99],
       [7.9323750e-99, 8.3868750e-99, 9.7453750e-99, ..., 7.7057500e-99,
        7.4793750e-99, 8.3943750e-99]])]
Cluster assignment Probability:  [[0.25 0.25 0.25 0.25]
 [0.25 0.25 0.25 0.25]
 [0.25 0.25 0.25 0.25]
 ...
 [0.25 0.25 0.25 0.25]
 [0.25 0.25 0.25 0.25]
 [0.25 0.25 0.25 0.25]]
Estimated Log-Likelihood:  -1746.187816915332
Cluster assignment Probability:  [[9.99999694e-01 1.01457675e-07 1.61481932e-07 4.29464466e-08]
 [9.95854032e-01 1.49641652e-03 1.60702613e-03 1.04252572e-03]
 [6.04713868e-01 1.32324296e-01 1.35159110e-01 1.27802726e-01]
 ...
 [7.42844395e-02 3.39356410e-01 2.87171138e-01 2.99188012e-01]
 [3.42465302e-02 3.56643191e-01 3.06767681e-01 3.02342598e-01]
 [7.04500617e-02 3.27607970e-01 2.78898165e-01 3.23043803e-01]]
